1 0 .5 5
2 0 -.1 4.18 
3 0 1.1 5.8
4 0 -.1 5.8
5 0 1.1 4.18
6 0 -.5 5
7 0  1.5 5
8 0 .5 6
9 0 .5 4 
10 0 -.3 5.58 
11 0 1.3 4.4  
12 0 -.3 4.4
13 0 1.3 5.58
14 0 .18 4.06
15 0 .8 5.94
16 0 .18 5.94
17 0 .8 4.06
18 0 -.46 4.68
19 0 1.46 5.32
20 0 -.46 5.32
21 0 1.46 4.68
22 -0.25 -.1 4.18 
23 -0.25 1.1 5.8
24 -0.25 -.1 5.8
25 -0.25 1.1 4.18
26 -0.25 -.5 5
27 -0.25 1.5 5
28 -0.25 .5 6
29 -0.25 .5 4 
30 -0.25 -.3 5.58 
31 -0.25 1.3 4.4  
32 -0.25 -.3 4.4
33 -0.25 1.3 5.58
34 -0.25 .18 4.06
35 -0.25 .8 5.94
36 -0.25 .18 5.94
37 -0.25 .8 4.06
38 -0.25 -.46 4.68
39 -0.25 1.46 5.32
40 -0.25 -.46 5.32
41 -0.25 1.46 4.68
42 -0.25 .28 4.34
43 -0.25 -.08 4.58 
44 -0.25 -.2 5
45 -0.25 -0.08 5.4 
46 -0.25 .28 5.64 
47 -0.25 .72 5.64
48 -0.25 1.08 5.4   
49 -0.25 1.2 5         
50 -0.25 1.08 4.58         
51 -0.25 .72 4.34 
52 -0.4 .32 4.49
53 -0.4 .08 4.68 
54 -0.4 -.04 5
55 -0.4 .08 5.32 
56 -0.4 .32 5.52 
57 -0.4 .68 5.52
58 -0.4 .94 5.32   
59 -0.4  1.04 5         
60 -0.4 .94 4.68         
61 -0.4 .68 4.49
62 -0.55 .32 4.49
63 -0.55 .08 4.68 
64 -0.55 -.04 5
65 -0.55 .08 5.32 
66 -0.55 .32 5.52
67 -0.55 .68 5.52
68 -0.55 .94 5.32   
69 -0.55 1.04 5         
70 -0.55 .94 4.68         
71 -0.55 .68 4.49
72 -0.7 .28 4.34
73 -0.7 -.08 4.58 
74 -0.7 -.2 5
75 -0.7 -0.08 4 
76 -0.7 .28 5.64 
77 -0.7 .72 5.64
78 -0.7 1.08 5.4   
79 -0.7 1.2 5         
80 -0.7 1.08 4.58         
81 -0.7 .72 4.34 
82 -0.7 -.1 4.18 
83 -0.7 1.1 5.8
84 -0.7 -.1 5.8
85 -0.7 1.1 4.18
86 -0.7 -.5 5
87 -0.7 1.5 5
88 -0.7 .5 6
89 -0.7 .5 4 
90 -0.7 -.3 5.58 
91 -0.7 1.3 4.4  
92 -0.7 -.3 4.4
93 -0.7 1.3 5.58
94 -0.7 .18 4.06
95 -0.7 .8 5.94
96 -0.7 .18 5.94
97 -0.7 .8 4.06
98 -0.7 -.46 4.68
99 -0.7 1.46 5.32
100 -0.7 -.46 5.32
101 -0.7 1.46 4.68
102 -1 -.1 4.18 
103 -1 1.1 5.8
104 -1 -.1 5.8
105 -1 1.1 4.18
106 -1 -.5 5
107 -1 1.5 5
108 -1 .5 6
109 -1 .5 4 
110 -1 -.3 5.58 
111 -1 1.3 4.4  
112 -1 -.3 4.4
113 -1 1.3 5.58
114 -1 .18 4.06
115 -1 .8 5.94
116 -1 .18 5.94
117 -1 .8 4.06
118 -1 -.46 4.68
119 -1 1.46 5.32
120 -1 -.46 5.32
121 -1 1.46 4.68
122 -1 .28 4.34
123 -1 -.08 4.58 
124 -1 -.2 5
125 -1 -0.08 5.4 
126 -1 .28 5.64 
127 -1 .72 5.64
128 -1 1.08 5.4   
129 -1 1.2 5         
130 -1 1.08 4.58         
131 -1 .72 4.34  
132 -1.15 .32 4.49
133 -1.15 .08 4.68 
134 -1.15 -.04 5
135 -1.15 .08 5.32 
136 -1.15 .32 5.52 
137 -1.15 .68 5.52
138 -1.15 .94 5.32   
139 -1.15 1.04 5         
140 -1.15 .94 4.68         
141 -1.15 .68 4.49
142 -1.3 .32 4.49
143 -1.3 .08 4.68 
144 -1.3 -.04 5
145 -1.3 .08 5.32 
146 -1.3 .32 5.52
147 -1.3 .68 5.52
148 -1.3 .94 5.32   
149 -1.3 1.04 5         
150 -1.3 .94 4.68         
151 -1.3 .68 4.49
152 -1.45 .28 4.34
153 -1.45 -.08 4.58 
154 -1.45 -.2 5
155 -1.45 -0.08 5.4 
156 -1.45 .28 5.64 
157 -1.45 .72 5.64
158 -1.45 1.08 5.4   
159 -1.45 1.2 5         
160 -1.45 1.08 4.58         
161 -1.45 .72 4.34
162 -1.45 -.1 4.18 
163 -1.45 1.1 5.8
164 -1.45 -.1 5.8
165 -1.45 1.1 4.18
166 -1.45 -.5 5
167 -1.45 1.5 5
168 -1.45 .5 6
169 -1.45 .5 4 
170 -1.45 -.3 5.58 
171 -1.45 1.3 4.4  
172 -1.45 -.3 4.4
173 -1.45 1.3 5.58
174 -1.45 .18 4.06
175 -1.45 .8 5.94
176 -1.45 .18 5.94
177 -1.45 .8 4.06
178 -1.45 -.46 4.68
179 -1.45 1.46 5.32
180 -1.45 -.46 5.32
181 -1.45 1.46 4.68
182 -1.75 -.1 4.18 
183 -1.75 1.1 5.8
184 -1.75 -.1 5.8
185 -1.75 1.1 4.18
186 -1.75 -.5 5
187 -1.75 1.5 5
188 -1.75 .5 6
189 -1.75 .5 4 
190 -1.75 -.3 5.58 
191 -1.75 1.3 4.4  
192 -1.75 -.3 4.4
193 -1.75 1.3 5.58
194 -1.75 .18 4.06
195 -1.75 .8 5.94
196 -1.75 .18 5.94
197 -1.75 .8 4.06
198 -1.75 -.46 4.68
199 -1.75 1.46 5.32
200 -1.75 -.46 5.32
201 -1.75 1.46 4.68
202 -1.75 .28 4.34
203 -1.75 -.08 4.58 
204 -1.75 -.2 5
205 -1.75 -0.08 5.4 
206 -1.75 .28 5.64 
207 -1.75 .72 5.64
208 -1.75 1.08 5.4   
209 -1.75 1.2 5         
210 -1.75 1.08 4.58         
211 -1.75 .72 4.34       
212 -1.9 .32 4.49
213 -1.9 .08 4.68 
214 -1.9 -.04 5
215 -1.9 .08 5.32 
216 -1.9 .32 5.52 
217 -1.9 .68 5.52
218 -1.9 .94 5.32   
219 -1.9 1.04 5         
220 -1.9 .94 4.68         
221 -1.9 .68 4.49
222 -2.05 .32 4.49
223 -2.05 .08 4.68 
224 -2.05 -.04 5
225 -2.05 .08 5.32
226 -2.05 .32 5.52
227 -2.05 .68 5.52
228 -2.05 .94 5.32
229 -2.05 1.04 5
230 -2.05 .94 4.68         
231 -2.05 .68 4.49
232 -2.2 .28 4.34
233 -2.2 -.08 4.58 
234 -2.2 -.2 5
235 -2.2 -0.08 5.4 
236 -2.2 .28 5.64 
237 -2.2 .72 5.64
238 -2.2 1.08 5.4   
239 -2.2 1.2 5         
240 -2.2 1.08 4.58         
241 -2.2 .72 4.34
242 -2.2 -.1 4.18 
243 -2.2 1.1 5.8
244 -2.2 -.1 5.8
245 -2.2 1.1 4.18
246 -2.2 -.5 5
247 -2.2 1.5 5
248 -2.2 .5 6
249 -2.2 .5 4 
250 -2.2 -.3 5.58 
251 -2.2 1.3 4.4  
252 -2.2 -.3 4.4
253 -2.2 1.3 5.58
254 -2.2 .18 4.06
255 -2.2 .8 5.94
256 -2.2 .18 5.94
257 -2.2 .8 4.06
258 -2.2 -.46 4.68
259 -2.2 1.46 5.32
260 -2.2 -.46 5.32
261 -2.2 1.46 4.68
262 -2.5 -.1 4.18 
263 -2.5 1.1 5.8
264 -2.5 -.1 5.8
265 -2.5 1.1 4.18
266 -2.5 -.5 5
267 -2.5 1.5 5
268 -2.5 .5 6
269 -2.5 .5 4  
270 -2.5 -.3 5.58 
271 -2.5 1.3 4.4  
272 -2.5 -.3 4.4
273 -2.5 1.3 5.58
274 -2.5 .18 4.06
275 -2.5 .8 5.94
276 -2.5 .18 5.94
277 -2.5 .8 4.06
278 -2.5 -.46 4.68
279 -2.5 1.46 5.32
280 -2.5 -.46 5.32
281 -2.5 1.46 4.68
282 -2.5 .28 4.34
283 -2.5 -.08 4.58 
284 -2.5 -.2 5
285 -2.5 -0.08 5.4 
286 -2.5 .28 5.64 
287 -2.5 .72 5.64
288 -2.5 1.08 5.4   
289 -2.5 1.2 5         
290 -2.5 1.08 4.58         
291 -2.5 .72 4.34  
292 -2.65 .32 4.49
293 -2.65 .08 4.68 
294 -2.65 -.04 5
295 -2.65 .08 5.32 
296 -2.65 .32 5.52 
297 -2.65 .68 5.52
298 -2.65 .94 5.32   
299 -2.65 1.04 5         
300 -2.65 .94 4.68         
301 -2.65 .68 4.49
302 -6 .32 4.49
303 -6 .08 4.68 
304 -6 -.04 5
305 -6 .08 5.32 
306 -6 .32 5.52
307 -6 .68 5.52
308 -6 .94 5.32   
309 -6 1.04 5         
310 -6 .94 4.68         
311 -6 .68 4.49
312 -6 .5 5
383 -1.6 -1.61 2.6
384 -1.6 1.61 3.08
385 -2 -1.61 2.9
386 -2.16 -1.61 2.6
387 -2 -1.61 2.2
388 -1.6 -1.61 2.06
389 -1.25 -1.61 2.2
390 -1.08 -1.61 2.6
391 -1.25 -1.61 2.9
392 -1.6 .29 3.08
393 -2 .29 2.9
394 -2.16 .29 2.6
395 -2 .29 2.2
396 -1.6 .29 2.06
397 -1.25 .29 2.2
398 -1.08 .29 2.6
399 -1.25 .29 2.9
400 -1.71 .29 3.8
401 -1.9 .29 4.15
402 -2.14 .29 4.09
403 -2.12 .29 3.75
404 -2.27 .29 3.6
405 -2.65 .29 3.8
406 -2.82 .29 3.65
407 -2.6 .29 3.33
408 -2.69 .29 3.1
409 -3.07 .29 3.15
410 -3.12 .29 2.9
411 -2.8 .29 2.7
412 -2.79 .29 2.5
413 -3.1 .29 2.3
414 -3 .29 2.02
415 -2.66 .29 2.1
416 -2.58 .29 1.95
417 -2.8 .29 1.68
418 -2.62 .29 1.48
419 -2.32 .29 1.62
420 -2.1 .29 1.5
421 -2.15 .29 1.16
422 -1.85 .29 1.05
423 -1.71 .29 1.4
424 -1.5 .29 1.4
425 -1.3 .29 1.05
426 -1 .29 1.16
427 -1.05 .29 1.508 
428 -.85 .29 1.65
429 -.6 .29 1.48
430 -.398 .29 1.68
431 -.6 .29 1.95
432 -.52 .29 2.15
433 -.18 .29 2.08
434 -.14 .29 2.3
435 -.44 .29 2.5
436 -.42 .29 2.7
437 -.13 .29 2.87
438 -.18 .29 3.15
439 -.52 .29 3.1
440 -.6 .29 3.33
441 -.398 .29 3.65
442 -.6 .29 3.8
443 -.85 .29 3.64
444 -1.05 .29 3.75
445 -1.04 .29 4.09
446 -1.3 .29 4.15
447 -1.5 .29 3.8
448 -1.71 .69 3.8
449 -1.9 .69 4.15
450 -2.14 .69 4.09
451 -2.12 .69 3.75
452 -2.27 .69 3.6
453 -2.65 .69 3.8
454 -2.82 .69 3.65
455 -2.6 .69 3.33
456 -2.69 .69 3.1
457 -3.07 0.69 3.15
458 -3.12 .69 2.9
459 -2.8 .69 2.7
460 -2.79 .69 2.5
461 -3.1 .69 2.3
462 -3 .69 2.02
463 -2.66 .69 2.1
464 -2.58 .69 1.95
465 -2.8 .69 1.68
466 -2.62 .69 1.48
467 -2.32 .69 1.62
468 -2.1 .69 1.5
469 -2.15 .69 1.16
470 -1.85 .69 1.05
471 -1.71 .69 1.4
472 -1.5 .69 1.4
473 -1.3 .69 1.05
474 -1 .69 1.16
475 -1.05 .69 1.508 
476 -.85 .69 1.65
477 -.6 .69 1.48
478 -.398 .69 1.68
479 -.6 .69 1.95
480 -.52 .69 2.15
481 -.18 .69 2.08
482 -.14 .69 2.3
483 -.44 .69 2.5
484 -.42 .69 2.7
485 -.13 .69 2.87
486 -.18 .69 3.15
487 -.52 .69 3.1
488 -.6 .69 3.33
489 -.398 .69 3.65
490 -.6 .69 3.8
491 -.85 .69 3.64
492 -1.05 .69 3.75
493 -1.04 .69 4.09
494 -1.3 .69 4.15
495 -1.5 .69 3.8
496 -1.6 .69 3.08
497 -2 .69 2.9
498 -2.16 .69 2.6
499 -2 .69 2.2
500 -1.6 .69 2.06
501 -1.25 .69 2.2
502 -1.08 .69 2.6
503 -1.25 .69 2.9
504 -1.6 2.59 3.08
505 -2 2.59 2.9
506 -2.16 2.59 2.6
507 -2 2.59 2.2
508 -1.6 2.59 2.06
509 -1.25 2.59 2.2
510 -1.08 2.59 2.6
511 -1.25 2.59 2.9
512 -1.6 2.59 2.6
Faces:
1 2.
17 5 11 21 7 19 13 3 15 8 16 4 10 20 6 18 12 2 14 9.
29 34 22 32 38 26 40 30 24 36 28 35 23 33 39 27 41 31 25 37.
12 32 22 2.
18 38 32 12.
6 26 38 18.
13 33 23 3.
20 40 26 6.
10 30 40 20.
4 24 30 10.
16 36 24 4.
8 28 36 16.
17 37 25 5.
9 29 37 17.
14 34 29 9.
2 22 34 14.
21 41 27 7.
11 31 41 21.
5 25 31 11.
15 35 28 8.
3 23 35 15.
19 39 33 13.
7 27 39 19.
42 43 44 45 46 47 48 49 50 51.
52 53 54 55 56 57 58 59 60 61.
43 53 52 42.
44 54 53 43.
45 55 54 44.
46 56 55 45.
47 57 56 46.
48 58 57 47.
49 59 58 48.
50 60 59 49.
51 61 60 50.
42 52 61 51.
62 63 64 65 66 67 68 69 70 71.
53 63 62 52.
54 64 63 53.
55 65 64 54.
56 66 65 55.
57 67 66 56.
58 68 67 57.
59 69 68 58.
60 70 69 59.
61 71 70 60.
52 62 71 61.
72 73 74 75 76 77 78 79 80 81.
63 73 72 62.
64 74 73 63.
65 75 74 64.
66 76 75 65.
67 77 76 66.
68 78 77 67.
69 79 78 68.
70 80 79 69.
71 81 80 70.
62 72 81 71.
97 85 91 101 87 99 93 83 95 88 96 84 90 100 86 98 92 82 94 89.
109 114 102 112 118 106 120 110 104 116 108 115 103 113 119 107 121 111 105 117.
92 112 102 82.
98 118 112 92.
86 106 118 98.
93 113 103 83.
100 120 106 86.
90 110 120 100.
84 104 110 90.
96 116 104 84.
88 108 116 96.
97 117 105 85.
89 109 117 97.
94 114 109 89.
82 102 114 94.
101 121 107 87.
91 111 121 101.
85 105 111 91.
95 115 108 88.
83 103 115 95.
99 119 113 93.
87 107 119 99.
122 123 124 125 126 127 128 129 130 131.
132 133 134 135 136 137 137 138 140 141.
123 133 132 122.
124 134 133 123.
125 135 134 124.
126 136 135 125.
127 137 136 126.
128 138 137 127.
129 139 138 128.
130 140 139 129.
131 141 140 130.
122 132 141 131.
142 143 144 145 146 147 148 149 150 151.
133 143 142 132.
134 144 143 133.
135 145 144 134.
136 146 145 135.
137 147 146 136.
138 148 147 137.
139 149 148 138.
140 150 149 139.
141 151 150 140.
132 142 151 141.
152 153 154 155 156 157 158 159 160 161.
143 153 152 142.
144 154 153 143.
145 155 154 144.
146 156 155 145.
147 157 156 146.
148 158 157 147.
149 159 158 148.
150 160 159 149.
151 161 160 150.
142 152 161 151.
177 165 171 181 167 179 173 163 175 168 176 164 170 180 166 178 172 162 174 169.
189 194 182 192 198 186 200 190 184 196 188 195 183 193 199 187 201 191 185 197.
172 192 182 162.
178 198 192 172.
166 186 198 178.
173 193 183 163.
180 200 186 166.
170 190 200 180.
164 184 190 170.
176 196 184 164.
168 188 196 176.
177 197 185 165.
169 189 197 177.
174 194 189 169.
162 182 194 174.
181 201 187 167.
171 191 201 181.
165 185 191 171.
175 195 188 168.
163 183 195 175.
179 199 193 173.
167 187 199 179.
202 203 204 205 206 207 208 209 210 211.
212 213 214 215 216 217 218 219 220 221.
203 213 212 202.
204 214 213 203.
205 215 214 204.
206 216 215 205.
207 217 216 206.
208 218 217 207.
209 219 218 208.
210 220 219 209.
211 221 220 210.
202 212 221 211.
222 223 224 225 226 227 228 229 230 231.
213 223 222 212.
214 224 223 213.
215 225 224 214.
216 226 225 215.
217 227 226 216.
218 228 227 217.
219 229 228 218.
220 230 229 219.
221 231 230 220.
212 222 231 221.
232 233 234 235 236 237 238 239 240 241.
223 233 232 222.
224 234 233 223.
225 235 234 224.
226 236 235 225.
227 237 236 226.
228 238 237 227.
229 239 238 228.
230 240 239 229.
231 241 240 230.
222 232 241 231.
257 245 251 261 247 259 253 243 255 248 256 244 250 260 246 258 252 242 254 249.
269 274 262 272 278 266 280 270 264 276 268 275 263 273 279 267 281 271 265 277.
252 272 262 242.
258 278 272 252.
246 266 278 258.
253 273 263 243.
260 280 266 246.
250 270 280 260.
244 264 270 250.
256 276 264 244.
248 268 276 256.
257 277 265 245.
249 269 277 257.
254 274 269 249.
242 262 274 254.
261 281 267 247.
251 271 281 261.
245 265 271 251.
255 275 268 248.
243 263 275 255.
259 279 273 253.
247 267 279 259.
282 283 284 285 286 287 288 289 290 291.
292 293 294 295 296 297 298 299 300 301.
283 293 292 282.
284 294 293 283.
285 295 294 284.
286 296 295 285.
287 297 296 286.
288 298 297 287.
289 299 298 288.
290 300 299 289.
291 301 300 290.
282 292 301 291.
302 303 304 305 306 307 308 309 310 311.
293 303 302 292.
294 304 303 293.
295 305 304 294.
296 306 305 295.
297 307 306 296.
298 308 307 297.
299 309 308 298.
300 310 309 299.
301 311 310 300.
292 302 311 301.
311 312.
400 401 402 403 404 405 406 407 408 409 410 411 412 413 414 415 416 417 418 419 420 421 422 423 424 425 426 427 428 429 430 431 432 433 434 435 436 437 438 439 440 441 442 443 444 445 446 447.
495 494 493 492 491 490 489 488 487 486 485 484 483 482 481 480 479 478 477 476 475 474 473 472 471 470 469 468 467 466 465 464 463 462 461 460 459 458 457 456 455 454 453 452 451 450 449 448.
485 486 438 437.
486 487 439 438.
487 488 440 439.
488 489 441 440.
489 490 442 441.
490 491 443 442.
491 492 444 443.
492 493 445 444.
493 494 446 445.
494 495 447 446.
495 448 400 447.
448 449 401 400.
449 450 402 401.
450 451 403 402.
451 452 404 403.
452 453 405 404.
453 454 406 405.
454 455 407 406.
455 456 408 407.
456 457 409 408.
457 458 410 409.
458 459 411 410.
459 460 412 411.
460 461 413 412.
461 462 414 413.
462 463 415 414.
463 464 416 415.
464 465 417 416.
465 466 418 417.
466 467 419 418.
467 468 420 419.
468 469 421 420.
469 470 422 421.
470 471 423 422.
471 472 424 423.
472 473 425 424.
473 474 426 425.
474 475 427 426.
475 476 428 427.
476 477 429 428.
477 478 430 429.
478 479 431 430.
479 480 432 431.
480 481 433 432.
481 482 434 433.
482 483 435 434.
483 484 436 435.
484 485 437 436.
384 385 386 387 388 389 390 391.
392 393 394 395 396 397 398 399.
496 503 502 501 500 499 498 497.
504 511 510 509 508 507 506 505.
384 392 393 385.
385 393 394 386.
386 394 395 387.
387 395 396 388.
388 396 397 389. 
389 397 398 390.
390 398 399 391.
391 399 392 384.
496 504 505 497.
497 505 506 498.
498 506 507 499.
499 507 508 500.
500 508 509 501.
501 509 510 502.
502 510 511 503.
503 511 504 496.