1 1 0 0
2 0 2 0
3 1 2 2
4 0 0 2
5 1 2 0
6 0 0 0
7 1 0 2
8 0 2 2 
9 1 2 0
10 0 3 0
11 1 3 2
12 0 2 2
13 1 3 0
14 0 2 0
15 1 2 2
16 0 3 2 
17 1 0 2
18 0 2 2
19 1 2 2.8
20 0 0 2.8
21 1 2 2
22 0 0 2
23 1 0 2.8
24 0 2 2.8
25 1 2 2
26 0 3 2
27 1 3 2.8
28 0 2 2.8
29 1 3 2
30 0 2 2
31 1 2 2.8
32 0 3 2.8
33 0 0 0
34 -2 2 0
35 0 2 2
36 -2 0 2
37 0 2 0
38 -2 0 0
39 0 0 2
40 -2 2 2
41 0 2 0
42 -2 3 0
43 0 3 2
44 -2 2 2
45 0 3 0
46 -2 2 0
47 0 2 2
48 -2 3 2
49 0 0 2
50 -2 2 2
51 0 2 2.8
52 -2 0 2.8
53 0 2 2
54 -2 0 2
55 0 0 2.8
56 -2 2 2.8
57 0 2 2
58 -2 3 2
59 0 3 2.8
60 -2 2 2.8
61 0 3 2
62 -2 2 2
63 0 2 2.8
64 -2 3 2.8
Faces:
1 5 3 7.
5 2 8 3.
2 6 4 8.
6 1 7 4.
7 3 8 4.
1 6 2 5.
9 13 11 15.
13 10 16 11.
10 14 12 16.
14 9 15 12.
15 11 16 12.
9 14 10 13.
17 21 19 23.
21 18 24 19.
18 22 20 24.
22 17 23 20.
23 19 24 20.
17 22 18 21.
25 29 27 31.
29 26 32 27.
26 30 28 32.
30 25 31 28.
31 27 32 28.
25 30 26 29.
33 37 35 39.
37 34 40 35.
34 38 36 40.
38 33 39 36.
39 35 40 36.
33 38 34 37.
41 45 43 47.
45 42 48 43.
42 46 44 48.
46 41 47 44.
47 43 48 44.
41 46 42 45.
49 53 51 55.
53 50 56 51.
50 54 52 56.
54 49 55 52.
55 51 56 52.
49 54 50 53.
57 61 59 63.
61 58 64 59.
58 62 60 64.
62 57 63 60.
63 59 64 60.
57 62 58 61.
